15;27403;13335
13;6848;3345
14;13698;6686
10;857;418
10;857;416
11;1713;835
14;13717;6683
13;6852;3334
11;1711;834
13;6849;3340
15;27397;13373
10;855;418
14;13706;6690
10;855;416
14;13702;6668
11;1714;836
12;3428;1672
14;13698;6668
11;1711;834
12;3422;1667
14;13697;6681
10;857;416
15;27408;13332
14;13706;6679
11;1714;833
10;856;417
15;27416;13364
12;3425;1672
11;1712;835
14;13711;6666
14;13703;6678
10;856;416
11;1713;833
12;3425;1670
13;6852;3337
11;1712;836
12;3423;1672
12;3422;1668
12;3424;1666
12;3429;1667
14;13712;6682
12;3428;1667
15;27397;13342
11;1711;835
10;857;416
11;1712;836
10;855;417
13;6849;3347
12;3427;1669
11;1711;836
14;13710;6684
15;27429;13384
12;3429;1666
14;13691;6694
11;1714;834
12;3429;1667
12;3424;1671
13;6853;3339
15;27382;13366
11;1711;833
11;1714;836
14;13703;6679
15;27426;13341
15;27423;13353
13;6858;3335
15;27384;13365
15;27428;13344
14;13697;6687
14;13712;6683
13;6851;3334
13;6847;3339
13;6853;3335
13;6854;3332
13;6852;3339
13;6850;3341
12;3425;1669
13;6854;3347
12;3423;1666
12;3423;1670
10;857;416
12;3427;1667
10;856;417
14;13719;6666
13;6850;3335
10;857;416
14;13715;6670
12;3427;1669
13;6847;3337
15;27433;13365
14;13700;6679
10;856;416
12;3425;1673
14;13689;6688
13;6857;3345
13;6844;3345
12;3426;1673
12;3425;1667
11;1711;836
13;6845;3338
13;6844;3343
